2021 January   1000 200  3000 4000 8200
2021 Febuary   4000 1000 500  1000 6500
2021 March     3000 100  500  2000 5600
2021 April     5000 3000 400  200  8600
2021 May       1000 900  190  4000 6090
2021 June      400  500  7000 300  8200
2021 July      2000 100  300  8000 10,400 
2021 August    500  3000 700  400  4600
2021 September 2000 4000 500  600  7100
2021 October   400  300  5000 600  6300
2021 November  2000 4000 500  700  7200
2021 December  100  5000 400  900  6040 


2022 January   4000 500  6000 300  10,800
2022 Febuary   500  6000 400  6000 12,900
2022 March     700  3000 500  300  4500
2022 April     5000 350  6000 5000 16,350
2022 May       600  4000 700  500  5800
2022 June      700  3000 1000 200  4900
2022 July      6000 500  800  6000 13,300
2022 August    900  1000 2000 500  4400
2022 September 7000 200  4000 600  11,800
2022 October   400  5000 700  2000 8100
